Displacement:2	Points:0
1.35E-15	0
1.12E-11	0.008
2.33E-11	0.016
3.64E-11	0.024
5.04E-11	0.032
6.53E-11	0.04
8.12E-11	0.048
9.81E-11	0.056
1.16E-10	0.064
1.35E-10	0.072
1.54E-10	0.08
1.75E-10	0.088
1.97E-10	0.096
2.19E-10	0.104
2.43E-10	0.112
2.67E-10	0.12
2.92E-10	0.128
3.19E-10	0.136
3.46E-10	0.144
3.74E-10	0.152
4.03E-10	0.16
4.34E-10	0.168
4.65E-10	0.176
4.97E-10	0.184
5.30E-10	0.192
5.64E-10	0.2
5.98E-10	0.208
6.34E-10	0.216
6.71E-10	0.224
7.09E-10	0.232
7.47E-10	0.24
7.87E-10	0.248
8.27E-10	0.256
8.69E-10	0.264
9.11E-10	0.272
9.55E-10	0.28
9.99E-10	0.288
1.04E-09	0.296
1.09E-09	0.304
1.14E-09	0.312
1.19E-09	0.32
1.24E-09	0.328
1.29E-09	0.336
1.34E-09	0.344
1.39E-09	0.352
1.44E-09	0.36
1.49E-09	0.368
1.55E-09	0.376
1.61E-09	0.384
1.66E-09	0.392
1.72E-09	0.4
1.78E-09	0.408
1.84E-09	0.416
1.90E-09	0.424
1.96E-09	0.432
2.02E-09	0.44
2.08E-09	0.448
2.15E-09	0.456
2.21E-09	0.464
2.28E-09	0.472
2.35E-09	0.48
2.42E-09	0.488
2.48E-09	0.496
2.55E-09	0.504
2.63E-09	0.512
2.70E-09	0.52
2.77E-09	0.528
2.84E-09	0.536
2.92E-09	0.544
2.99E-09	0.552
3.07E-09	0.56
3.15E-09	0.568
3.23E-09	0.576
3.31E-09	0.584
3.39E-09	0.592
3.47E-09	0.6
3.55E-09	0.608
3.63E-09	0.616
3.72E-09	0.624
3.80E-09	0.632
3.89E-09	0.64
3.98E-09	0.648
4.06E-09	0.656
4.15E-09	0.664
4.24E-09	0.672
4.33E-09	0.68
4.42E-09	0.688
4.52E-09	0.696
4.61E-09	0.704
4.70E-09	0.712
4.80E-09	0.72
4.90E-09	0.728
5.00E-09	0.736
5.10E-09	0.744
5.20E-09	0.752
5.31E-09	0.76
5.41E-09	0.768
5.52E-09	0.776
5.62E-09	0.784
5.73E-09	0.792
5.84E-09	0.8
5.95E-09	0.808
6.06E-09	0.816
6.17E-09	0.824
6.28E-09	0.832
6.39E-09	0.84
6.50E-09	0.848
6.62E-09	0.856
6.73E-09	0.864
6.85E-09	0.872
6.97E-09	0.88
7.08E-09	0.888
7.20E-09	0.896
7.32E-09	0.904
7.44E-09	0.912
7.56E-09	0.92
7.68E-09	0.928
7.81E-09	0.936
7.93E-09	0.944
8.06E-09	0.952
8.18E-09	0.96
8.31E-09	0.968
8.44E-09	0.976
8.56E-09	0.984
8.69E-09	0.992
8.82E-09	1
8.95E-09	1.008
9.08E-09	1.016
9.22E-09	1.024
9.35E-09	1.032
9.48E-09	1.04
9.62E-09	1.048
9.76E-09	1.056
9.89E-09	1.064
1.00E-08	1.072
1.02E-08	1.08
1.03E-08	1.088
1.04E-08	1.096
1.06E-08	1.104
1.07E-08	1.112
1.09E-08	1.12
1.10E-08	1.128
1.12E-08	1.136
1.13E-08	1.144
1.15E-08	1.152
1.16E-08	1.16
1.18E-08	1.168
1.19E-08	1.176
1.21E-08	1.184
1.22E-08	1.192
1.24E-08	1.2
1.25E-08	1.208
1.27E-08	1.216
1.28E-08	1.224
1.30E-08	1.232
1.31E-08	1.24
1.33E-08	1.248
1.34E-08	1.256
1.36E-08	1.264
1.38E-08	1.272
1.39E-08	1.28
1.41E-08	1.288
1.42E-08	1.296
1.44E-08	1.304
1.46E-08	1.312
1.47E-08	1.32
1.49E-08	1.328
1.51E-08	1.336
1.52E-08	1.344
1.54E-08	1.352
1.56E-08	1.36
1.57E-08	1.368
1.59E-08	1.376
1.61E-08	1.384
1.63E-08	1.392
1.64E-08	1.4
1.66E-08	1.408
1.68E-08	1.416
1.70E-08	1.424
1.71E-08	1.432
1.73E-08	1.44
1.75E-08	1.448
1.77E-08	1.456
1.79E-08	1.464
1.80E-08	1.472
1.82E-08	1.48
1.84E-08	1.488
1.86E-08	1.496
1.88E-08	1.504
1.89E-08	1.512
1.91E-08	1.52
1.93E-08	1.528
1.95E-08	1.536
1.97E-08	1.544
1.99E-08	1.552
2.01E-08	1.56
2.03E-08	1.568
2.04E-08	1.576
2.06E-08	1.584
2.08E-08	1.592
2.10E-08	1.6
2.12E-08	1.608
2.14E-08	1.616
2.16E-08	1.624
2.18E-08	1.632
2.20E-08	1.64
2.22E-08	1.648
2.24E-08	1.656
2.26E-08	1.664
2.28E-08	1.672
2.30E-08	1.68
2.32E-08	1.688
2.34E-08	1.696
2.36E-08	1.704
2.38E-08	1.712
2.40E-08	1.72
2.42E-08	1.728
2.44E-08	1.736
2.46E-08	1.744
2.48E-08	1.752
2.50E-08	1.76
2.52E-08	1.768
2.54E-08	1.776
2.56E-08	1.784
2.58E-08	1.792
2.60E-08	1.8
2.62E-08	1.808
2.65E-08	1.816
2.67E-08	1.824
2.69E-08	1.832
2.71E-08	1.84
2.73E-08	1.848
2.75E-08	1.856
2.77E-08	1.864
2.79E-08	1.872
2.82E-08	1.88
2.84E-08	1.888
2.86E-08	1.896
2.88E-08	1.904
2.90E-08	1.912
2.92E-08	1.92
2.95E-08	1.928
2.97E-08	1.936
2.99E-08	1.944
3.01E-08	1.952
3.04E-08	1.96
3.06E-08	1.968
3.08E-08	1.976
3.10E-08	1.984
3.13E-08	1.992
3.15E-08	2
3.17E-08	2.008
3.19E-08	2.016
3.22E-08	2.024
3.24E-08	2.032
3.26E-08	2.04
3.28E-08	2.048
3.31E-08	2.056
3.33E-08	2.064
3.35E-08	2.072
3.38E-08	2.08
3.40E-08	2.088
3.42E-08	2.096
3.45E-08	2.104
3.47E-08	2.112
3.50E-08	2.12
3.52E-08	2.128
3.54E-08	2.136
3.57E-08	2.144
3.59E-08	2.152
3.61E-08	2.16
3.64E-08	2.168
3.66E-08	2.176
3.69E-08	2.184
3.71E-08	2.192
3.74E-08	2.2
3.76E-08	2.208
3.78E-08	2.216
3.81E-08	2.224
3.83E-08	2.232
3.86E-08	2.24
3.88E-08	2.248
3.91E-08	2.256
3.93E-08	2.264
3.96E-08	2.272
3.98E-08	2.28
4.01E-08	2.288
4.03E-08	2.296
4.06E-08	2.304
4.08E-08	2.312
4.11E-08	2.32
4.13E-08	2.328
4.16E-08	2.336
4.18E-08	2.344
4.21E-08	2.352
4.23E-08	2.36
4.26E-08	2.368
4.29E-08	2.376
4.31E-08	2.384
4.34E-08	2.392
4.36E-08	2.4
4.39E-08	2.408
4.41E-08	2.416
4.44E-08	2.424
4.47E-08	2.432
4.49E-08	2.44
4.52E-08	2.448
4.54E-08	2.456
4.57E-08	2.464
4.60E-08	2.472
4.62E-08	2.48
4.65E-08	2.488
4.67E-08	2.496
4.70E-08	2.504
4.73E-08	2.512
4.75E-08	2.52
4.78E-08	2.528
4.81E-08	2.536
4.83E-08	2.544
4.86E-08	2.552
4.89E-08	2.56
4.91E-08	2.568
4.94E-08	2.576
4.97E-08	2.584
4.99E-08	2.592
5.02E-08	2.6
5.05E-08	2.608
5.08E-08	2.616
5.10E-08	2.624
5.13E-08	2.632
5.16E-08	2.64
5.19E-08	2.648
5.21E-08	2.656
5.24E-08	2.664
5.27E-08	2.672
5.30E-08	2.68
5.32E-08	2.688
5.35E-08	2.696
5.38E-08	2.704
5.41E-08	2.712
5.43E-08	2.72
5.46E-08	2.728
5.49E-08	2.736
5.52E-08	2.744
5.55E-08	2.752
5.57E-08	2.76
5.60E-08	2.768
5.63E-08	2.776
5.66E-08	2.784
5.69E-08	2.792
5.72E-08	2.8
5.74E-08	2.808
5.77E-08	2.816
5.80E-08	2.824
5.83E-08	2.832
5.86E-08	2.84
5.89E-08	2.848
5.92E-08	2.856
5.94E-08	2.864
5.97E-08	2.872
6.00E-08	2.88
6.03E-08	2.888
6.06E-08	2.896
6.09E-08	2.904
6.12E-08	2.912
6.15E-08	2.92
6.18E-08	2.928
6.21E-08	2.936
6.23E-08	2.944
6.26E-08	2.952
6.29E-08	2.96
6.32E-08	2.968
6.35E-08	2.976
6.38E-08	2.984
6.41E-08	2.992
6.44E-08	3
6.47E-08	3.008
6.50E-08	3.016
6.53E-08	3.024
6.56E-08	3.032
6.59E-08	3.04
6.62E-08	3.048
6.65E-08	3.056
6.68E-08	3.064
6.71E-08	3.072
6.74E-08	3.08
6.77E-08	3.088
6.80E-08	3.096
6.83E-08	3.104
6.86E-08	3.112
6.89E-08	3.12
6.92E-08	3.128
6.95E-08	3.136
6.98E-08	3.144
7.01E-08	3.152
7.04E-08	3.16
7.07E-08	3.168
7.10E-08	3.176
7.13E-08	3.184
7.16E-08	3.192
7.19E-08	3.2
7.22E-08	3.208
7.25E-08	3.216
7.28E-08	3.224
7.31E-08	3.232
7.34E-08	3.24
7.38E-08	3.248
7.41E-08	3.256
7.44E-08	3.264
7.47E-08	3.272
7.50E-08	3.28
7.53E-08	3.288
7.56E-08	3.296
7.59E-08	3.304
7.62E-08	3.312
7.65E-08	3.32
7.68E-08	3.328
7.72E-08	3.336
7.75E-08	3.344
7.78E-08	3.352
7.81E-08	3.36
7.84E-08	3.368
7.87E-08	3.376
7.90E-08	3.384
7.94E-08	3.392
7.97E-08	3.4
8.00E-08	3.408
8.03E-08	3.416
8.06E-08	3.424
8.09E-08	3.432
8.13E-08	3.44
8.16E-08	3.448
8.19E-08	3.456
8.22E-08	3.464
8.25E-08	3.472
8.28E-08	3.48
8.32E-08	3.488
8.35E-08	3.496
8.38E-08	3.504
8.41E-08	3.512
8.45E-08	3.52
8.48E-08	3.528
8.51E-08	3.536
8.54E-08	3.544
8.57E-08	3.552
8.61E-08	3.56
8.64E-08	3.568
8.67E-08	3.576
8.70E-08	3.584
8.74E-08	3.592
8.77E-08	3.6
8.80E-08	3.608
8.83E-08	3.616
8.87E-08	3.624
8.90E-08	3.632
8.93E-08	3.64
8.96E-08	3.648
9.00E-08	3.656
9.03E-08	3.664
9.06E-08	3.672
9.10E-08	3.68
9.13E-08	3.688
9.16E-08	3.696
9.20E-08	3.704
9.23E-08	3.712
9.26E-08	3.72
9.29E-08	3.728
9.33E-08	3.736
9.36E-08	3.744
9.39E-08	3.752
9.43E-08	3.76
9.46E-08	3.768
9.49E-08	3.776
9.53E-08	3.784
9.56E-08	3.792
9.59E-08	3.8
9.63E-08	3.808
9.66E-08	3.816
9.69E-08	3.824
9.73E-08	3.832
9.76E-08	3.84
9.79E-08	3.848
9.83E-08	3.856
9.86E-08	3.864
9.89E-08	3.872
9.93E-08	3.88
9.96E-08	3.888
1.00E-07	3.896
1.00E-07	3.904
1.01E-07	3.912
1.01E-07	3.92
1.01E-07	3.928
1.02E-07	3.936
1.02E-07	3.944
1.02E-07	3.952
1.03E-07	3.96
1.03E-07	3.968
1.03E-07	3.976
1.04E-07	3.984
1.04E-07	3.992
1.04E-07	4
1.05E-07	4.008
1.05E-07	4.016
1.05E-07	4.024
1.06E-07	4.032
1.06E-07	4.04
1.06E-07	4.048
1.07E-07	4.056
1.07E-07	4.064
1.07E-07	4.072
1.08E-07	4.08
1.08E-07	4.088
1.08E-07	4.096
1.09E-07	4.104
1.09E-07	4.112
1.10E-07	4.12
1.10E-07	4.128
1.10E-07	4.136
1.11E-07	4.144
1.11E-07	4.152
1.11E-07	4.16
1.12E-07	4.168
1.12E-07	4.176
1.12E-07	4.184
1.13E-07	4.192
1.13E-07	4.2
1.13E-07	4.208
1.14E-07	4.216
1.14E-07	4.224
1.14E-07	4.232
1.15E-07	4.24
1.15E-07	4.248
1.15E-07	4.256
1.16E-07	4.264
1.16E-07	4.272
1.16E-07	4.28
1.17E-07	4.288
1.17E-07	4.296
1.18E-07	4.304
1.18E-07	4.312
1.18E-07	4.32
1.19E-07	4.328
1.19E-07	4.336
1.19E-07	4.344
1.20E-07	4.352
1.20E-07	4.36
1.20E-07	4.368
1.21E-07	4.376
1.21E-07	4.384
1.21E-07	4.392
1.22E-07	4.4
1.22E-07	4.408
1.22E-07	4.416
1.23E-07	4.424
1.23E-07	4.432
1.24E-07	4.44
1.24E-07	4.448
1.24E-07	4.456
1.25E-07	4.464
1.25E-07	4.472
1.25E-07	4.48
1.26E-07	4.488
1.26E-07	4.496
1.26E-07	4.504
1.27E-07	4.512
1.27E-07	4.52
1.27E-07	4.528
1.28E-07	4.536
1.28E-07	4.544
1.29E-07	4.552
1.29E-07	4.56
1.29E-07	4.568
1.30E-07	4.576
1.30E-07	4.584
1.30E-07	4.592
1.31E-07	4.6
1.31E-07	4.608
1.31E-07	4.616
1.32E-07	4.624
1.32E-07	4.632
1.32E-07	4.64
1.33E-07	4.648
1.33E-07	4.656
1.34E-07	4.664
1.34E-07	4.672
1.34E-07	4.68
1.35E-07	4.688
1.35E-07	4.696
1.35E-07	4.704
1.36E-07	4.712
1.36E-07	4.72
1.36E-07	4.728
1.37E-07	4.736
1.37E-07	4.744
1.38E-07	4.752
1.38E-07	4.76
1.38E-07	4.768
1.39E-07	4.776
1.39E-07	4.784
1.39E-07	4.792
1.40E-07	4.8
1.40E-07	4.808
1.40E-07	4.816
1.41E-07	4.824
1.41E-07	4.832
1.42E-07	4.84
1.42E-07	4.848
1.42E-07	4.856
1.43E-07	4.864
1.43E-07	4.872
1.43E-07	4.88
1.44E-07	4.888
1.44E-07	4.896
1.44E-07	4.904
1.45E-07	4.912
1.45E-07	4.92
1.46E-07	4.928
1.46E-07	4.936
1.46E-07	4.944
1.47E-07	4.952
1.47E-07	4.96
1.47E-07	4.968
1.48E-07	4.976
1.48E-07	4.984
1.48E-07	4.992
1.49E-07	5
1.49E-07	5.008
1.50E-07	5.016
1.50E-07	5.024
1.50E-07	5.032
1.51E-07	5.04
1.51E-07	5.048
1.51E-07	5.056
1.52E-07	5.064
1.52E-07	5.072
1.53E-07	5.08
1.53E-07	5.088
1.53E-07	5.096
1.54E-07	5.104
1.54E-07	5.112
1.54E-07	5.12
1.55E-07	5.128
1.55E-07	5.136
1.55E-07	5.144
1.56E-07	5.152
1.56E-07	5.16
1.57E-07	5.168
1.57E-07	5.176
1.57E-07	5.184
1.58E-07	5.192
1.58E-07	5.2
1.58E-07	5.208
1.59E-07	5.216
1.59E-07	5.224
1.60E-07	5.232
1.60E-07	5.24
1.60E-07	5.248
1.61E-07	5.256
1.61E-07	5.264
1.61E-07	5.272
1.62E-07	5.28
1.62E-07	5.288
1.63E-07	5.296
1.63E-07	5.304
1.63E-07	5.312
1.64E-07	5.32
1.64E-07	5.328
1.64E-07	5.336
1.65E-07	5.344
1.65E-07	5.352
1.66E-07	5.36
1.66E-07	5.368
1.66E-07	5.376
1.67E-07	5.384
1.67E-07	5.392
1.67E-07	5.4
1.68E-07	5.408
1.68E-07	5.416
1.69E-07	5.424
1.69E-07	5.432
1.69E-07	5.44
1.70E-07	5.448
1.70E-07	5.456
1.70E-07	5.464
1.71E-07	5.472
1.71E-07	5.48
1.72E-07	5.488
1.72E-07	5.496
1.72E-07	5.504
1.73E-07	5.512
1.73E-07	5.52
1.73E-07	5.528
1.74E-07	5.536
1.74E-07	5.544
1.75E-07	5.552
1.75E-07	5.56
1.75E-07	5.568
1.76E-07	5.576
1.76E-07	5.584
1.76E-07	5.592
1.77E-07	5.6
1.77E-07	5.608
1.78E-07	5.616
1.78E-07	5.624
1.78E-07	5.632
1.79E-07	5.64
1.79E-07	5.648
1.79E-07	5.656
1.80E-07	5.664
1.80E-07	5.672
1.81E-07	5.68
1.81E-07	5.688
1.81E-07	5.696
1.82E-07	5.704
1.82E-07	5.712
1.82E-07	5.72
1.83E-07	5.728
1.83E-07	5.736
1.84E-07	5.744
1.84E-07	5.752
1.84E-07	5.76
1.85E-07	5.768
1.85E-07	5.776
1.86E-07	5.784
1.86E-07	5.792
1.86E-07	5.8
1.87E-07	5.808
1.87E-07	5.816
1.87E-07	5.824
1.88E-07	5.832
1.88E-07	5.84
1.89E-07	5.848
1.89E-07	5.856
1.89E-07	5.864
1.90E-07	5.872
1.90E-07	5.88
1.90E-07	5.888
1.91E-07	5.896
1.91E-07	5.904
1.92E-07	5.912
1.92E-07	5.92
1.92E-07	5.928
1.93E-07	5.936
1.93E-07	5.944
1.94E-07	5.952
1.94E-07	5.96
1.94E-07	5.968
1.95E-07	5.976
1.95E-07	5.984
1.95E-07	5.992
1.96E-07	6
1.96E-07	6.008
1.97E-07	6.016
1.97E-07	6.024
1.97E-07	6.032
1.98E-07	6.04
1.98E-07	6.048
1.98E-07	6.056
1.99E-07	6.064
1.99E-07	6.072
2.00E-07	6.08
2.00E-07	6.088
2.00E-07	6.096
2.01E-07	6.104
2.01E-07	6.112
2.02E-07	6.12
2.02E-07	6.128
2.02E-07	6.136
2.03E-07	6.144
2.03E-07	6.152
2.03E-07	6.16
2.04E-07	6.168
2.04E-07	6.176
2.05E-07	6.184
2.05E-07	6.192
2.05E-07	6.2
2.06E-07	6.208
2.06E-07	6.216
2.06E-07	6.224
2.07E-07	6.232
2.07E-07	6.24
2.08E-07	6.248
2.08E-07	6.256
2.08E-07	6.264
2.09E-07	6.272
2.09E-07	6.28
2.10E-07	6.288
2.10E-07	6.296
2.10E-07	6.304
2.11E-07	6.312
2.11E-07	6.32
2.11E-07	6.328
2.12E-07	6.336
2.12E-07	6.344
2.13E-07	6.352
2.13E-07	6.36
2.13E-07	6.368
2.14E-07	6.376
2.14E-07	6.384
2.15E-07	6.392
2.15E-07	6.4
2.15E-07	6.408
2.16E-07	6.416
2.16E-07	6.424
2.16E-07	6.432
2.17E-07	6.44
2.17E-07	6.448
2.18E-07	6.456
2.18E-07	6.464
2.18E-07	6.472
2.19E-07	6.48
2.19E-07	6.488
2.20E-07	6.496
2.20E-07	6.504
2.20E-07	6.512
2.21E-07	6.52
2.21E-07	6.528
2.21E-07	6.536
2.22E-07	6.544
2.22E-07	6.552
2.23E-07	6.56
2.23E-07	6.568
2.23E-07	6.576
2.24E-07	6.584
2.24E-07	6.592
2.25E-07	6.6
2.25E-07	6.608
2.25E-07	6.616
2.26E-07	6.624
2.26E-07	6.632
2.26E-07	6.64
2.27E-07	6.648
2.27E-07	6.656
2.28E-07	6.664
2.28E-07	6.672
2.28E-07	6.68
2.29E-07	6.688
2.29E-07	6.696
2.30E-07	6.704
2.30E-07	6.712
2.30E-07	6.72
2.31E-07	6.728
2.31E-07	6.736
2.31E-07	6.744
2.32E-07	6.752
2.32E-07	6.76
2.33E-07	6.768
2.33E-07	6.776
2.33E-07	6.784
2.34E-07	6.792
2.34E-07	6.8
2.35E-07	6.808
2.35E-07	6.816
2.35E-07	6.824
2.36E-07	6.832
2.36E-07	6.84
2.37E-07	6.848
2.37E-07	6.856
2.37E-07	6.864
2.38E-07	6.872
2.38E-07	6.88
2.38E-07	6.888
2.39E-07	6.896
2.39E-07	6.904
2.40E-07	6.912
2.40E-07	6.92
2.40E-07	6.928
2.41E-07	6.936
2.41E-07	6.944
2.42E-07	6.952
2.42E-07	6.96
2.42E-07	6.968
2.43E-07	6.976
2.43E-07	6.984
2.43E-07	6.992
2.44E-07	7
2.44E-07	7.008
2.45E-07	7.016
2.45E-07	7.024
2.45E-07	7.032
2.46E-07	7.04
2.46E-07	7.048
2.47E-07	7.056
2.47E-07	7.064
2.47E-07	7.072
2.48E-07	7.08
2.48E-07	7.088
2.48E-07	7.096
2.49E-07	7.104
2.49E-07	7.112
2.50E-07	7.12
2.50E-07	7.128
2.50E-07	7.136
2.51E-07	7.144
2.51E-07	7.152
2.52E-07	7.16
2.52E-07	7.168
2.52E-07	7.176
2.53E-07	7.184
2.53E-07	7.192
2.53E-07	7.2
2.54E-07	7.208
2.54E-07	7.216
2.55E-07	7.224
2.55E-07	7.232
2.55E-07	7.24
2.56E-07	7.248
2.56E-07	7.256
2.57E-07	7.264
2.57E-07	7.272
2.57E-07	7.28
2.58E-07	7.288
2.58E-07	7.296
2.59E-07	7.304
2.59E-07	7.312
2.59E-07	7.32
2.60E-07	7.328
2.60E-07	7.336
2.60E-07	7.344
2.61E-07	7.352
2.61E-07	7.36
2.62E-07	7.368
2.62E-07	7.376
2.62E-07	7.384
2.63E-07	7.392
2.63E-07	7.4
2.64E-07	7.408
2.64E-07	7.416
2.64E-07	7.424
2.65E-07	7.432
2.65E-07	7.44
2.65E-07	7.448
2.66E-07	7.456
2.66E-07	7.464
2.67E-07	7.472
2.67E-07	7.48
2.67E-07	7.488
2.68E-07	7.496
2.68E-07	7.504
2.69E-07	7.512
2.69E-07	7.52
2.69E-07	7.528
2.70E-07	7.536
2.70E-07	7.544
2.70E-07	7.552
2.71E-07	7.56
2.71E-07	7.568
2.72E-07	7.576
2.72E-07	7.584
2.72E-07	7.592
2.73E-07	7.6
2.73E-07	7.608
2.74E-07	7.616
2.74E-07	7.624
2.74E-07	7.632
2.75E-07	7.64
2.75E-07	7.648
2.75E-07	7.656
2.76E-07	7.664
2.76E-07	7.672
2.77E-07	7.68
2.77E-07	7.688
2.77E-07	7.696
2.78E-07	7.704
2.78E-07	7.712
2.79E-07	7.72
2.79E-07	7.728
2.79E-07	7.736
2.80E-07	7.744
2.80E-07	7.752
2.81E-07	7.76
2.81E-07	7.768
2.81E-07	7.776
2.82E-07	7.784
2.82E-07	7.792
2.82E-07	7.8
2.83E-07	7.808
2.83E-07	7.816
2.84E-07	7.824
2.84E-07	7.832
2.84E-07	7.84
2.85E-07	7.848
2.85E-07	7.856
2.86E-07	7.864
2.86E-07	7.872
2.86E-07	7.88
2.87E-07	7.888
2.87E-07	7.896
2.87E-07	7.904
2.88E-07	7.912
2.88E-07	7.92
2.89E-07	7.928
2.89E-07	7.936
2.89E-07	7.944
2.90E-07	7.952
2.90E-07	7.96
2.91E-07	7.968
2.91E-07	7.976
2.91E-07	7.984
2.92E-07	7.992
2.92E-07	8
